100 0.00000000025334889742
200 -0.00000000011885648021
300 0.00000000081031781285
400 0.00000000103249098160
500 0.00000000169556391150
600 0.00000000104963104874
700 0.00000000092110052918
800 -0.00000000189958559993
900 -0.00000000358580409809
1000 0.00000000086593532345
1100 0.00000000668415456317
1200 0.00000000526767407472
1300 0.00000000603460348358
1400 0.00000000053824278368
1500 -0.00000000311338288483
1600 -0.00000000320906301532
1700 0.00000000009064993201
1800 0.00000000399987554189
1900 -0.00000000105078412638
2000 0.00000000568615310392
2100 0.00000000214447060110
2200 -0.00000000235448704977
2300 0.00000000390047105725
2400 0.00000000385453069462
2500 0.00000000256150545219
2600 0.00000000100078723086
2700 0.00000000536114863614
2800 -0.00000000373386166430
2900 -0.00000000091017060555
3000 -0.00000000671438527000
3100 -0.00000001258072224175
3200 0.00000000211522666049
3300 0.00000000129465460574
3400 -0.00000000276956479972
3500 0.00000000093640073473
3600 0.00000001752934086774
3700 0.00000001529583526505
3800 0.00000001077646061276
3900 0.00000000452248727356
4000 0.00000000638076325110
4100 0.00000000934409638553
4200 -0.00000000581444647985
4300 -0.00000000684302903231
4400 0.00000001674641425531
4500 0.00000002156451595070
4600 0.00000003477892729364
4700 0.00000003908545931353
4800 0.00000004555252597349
4900 0.00000005490081989024
5000 0.00000005320830287481
5100 0.00000005631962451957
5200 0.00000006451763789883
5300 0.00000006543343133991
5400 0.00000004947743792449
5500 0.00000004928158747752
5600 0.00000004429794109306
5700 0.00000004449559209974
5800 0.00000003855338537306
5900 0.00000004467398251329
6000 0.00000006596742396781
6100 0.00000003708393769841
6200 0.00000006911580618940
6300 0.00000005806014313769
6400 0.00000001724545528603
6500 -0.00000000589328430500
6600 -0.00000001618373346446
6700 0.00000000554051626800
6800 -0.00000000483514184246
6900 -0.00000001124375970107
7000 0.00000000015648260465
7100 0.00000001266926163979
7200 0.00000002459898329477
7300 0.00000003236392576156
7400 0.00000002466573079118
7500 -0.00000000023358870394
7600 -0.00000002261196652142
7700 -0.00000002663309284223
7800 -0.00000004053053648256
7900 -0.00000005522061075069
8000 -0.00000007750438602017
8100 -0.00000004761283367571
8200 -0.00000003904206136163
8300 -0.00000003895893696537
8400 -0.00000008916708038598
8500 -0.00000017545231401073
8600 -0.00000017118310391417
8700 -0.00000016689301873818
8800 -0.00000017020597709028
8900 -0.00000017530578677594
9000 -0.00000017792846396247
9100 -0.00000011363248964003
9200 -0.00000015015795873374
9300 -0.00000010091198654472
9400 -0.00000008101575588171
9500 -0.00000007166542959069
9600 -0.00000002360180961780
9700 -0.00000000833570812375
9800 0.00000002626159623098
9900 0.00000002360827422443
10000 0.00000001618968803463
10100 -0.00000000624639051594
10200 0.00000003166427209322
10300 0.00000003560801498104
10400 0.00000001392297210856
10500 0.00000004937906039615
10600 0.00000011420961754105
10700 0.00000012294387441436
10800 0.00000010278521056506
10900 0.00000008641968696210
11000 0.00000011426227186639
11100 0.00000010030195407573
11200 0.00000004404133702174
11300 0.00000005888084619876
11400 0.00000008269594919952
11500 0.00000013175312152391
11600 0.00000009524750566037
11700 0.00000007441671301400
11800 0.00000008554751751433
11900 0.00000003635848377925
12000 0.00000000439689573639
12100 0.00000000984571157936
12200 -0.00000000922076237586
12300 -0.00000004422058652587
12400 -0.00000006777704197880
12500 -0.00000011834045343662
12600 -0.00000006561832388563
12700 -0.00000002496373929795
12800 0.00000000022422863566
12900 0.00000009746361584462
13000 0.00000010226629187926
13100 0.00000004652762219948
13200 0.00000006759785731170
13300 -0.00000000134309963151
13400 -0.00000001984023589863
13500 -0.00000007588966832728
13600 -0.00000003605690213071
13700 0.00000002741335802803
13800 0.00000004244789497676
13900 0.00000006938467977946
14000 0.00000008550002728036
14100 0.00000012565957874244
14200 0.00000006589461309936
14300 0.00000004503116368682
14400 0.00000000863288951436
14500 0.00000001487272593970
14600 0.00000003284618288468
14700 -0.00000006998989077189
14800 -0.00000007220416642362
14900 -0.00000008032683251891
15000 -0.00000009705237324908
15100 -0.00000006964000975884
15200 -0.00000002986971825436
15300 -0.00000002450755753891
15400 -0.00000003118831615190
15500 -0.00000000409202871587
15600 0.00000003928356395733
15700 0.00000002931473797041
15800 0.00000000865919091986
15900 -0.00000001644175706694
16000 -0.00000000225782859076
16100 -0.00000002324511227947
16200 -0.00000003371288492815
16300 -0.00000000063520433358
16400 -0.00000002254843911587
16500 0.00000002788697162082
16600 0.00000003775992007959
16700 0.00000001014396122656
16800 0.00000008634528492202
16900 0.00000015543943665541
17000 0.00000015586627233333
17100 0.00000015163472477653
17200 0.00000018298206438949
17300 0.00000019118412408758
17400 0.00000017419305087252
17500 0.00000010023630614420
17600 0.00000004332746783575
17700 0.00000004384079721476
17800 0.00000004200290515399
17900 -0.00000001819914774437
18000 -0.00000001009900096882
18100 0.00000000843487257818
18200 -0.00000000608817329883
18300 -0.00000007810473201530
18400 -0.00000003561547168296
18500 -0.00000001874811794700
18600 -0.00000001068561883422
18700 0.00000000285055334892
18800 -0.00000011126318577581
18900 -0.00000012234272306344
19000 -0.00000012993438081033
19100 -0.00000006002127483917
19200 -0.00000012268956628425
19300 -0.00000014306252404950
19400 -0.00000020448867221745
19500 -0.00000018003715052117
19600 -0.00000016640208722052
19700 -0.00000013305932755614
19800 -0.00000016216115183987
19900 -0.00000024606544912764
20000 -0.00000017066924051790
20100 -0.00000015756008275858
20200 -0.00000022672731314621
20300 -0.00000024400218689991
20400 -0.00000027782406353261
20500 -0.00000027772229782563
20600 -0.00000019178406507336
20700 -0.00000027915383982169
20800 -0.00000022945360433901
20900 -0.00000020327262073572
21000 -0.00000019816276153328
21100 -0.00000022291236190242
21200 -0.00000026152762222509
21300 -0.00000031858158888731
21400 -0.00000032228222379693
21500 -0.00000028259111872764
21600 -0.00000023515076819081
21700 -0.00000018537841062205
21800 -0.00000011264240540321
21900 -0.00000015797274044438
22000 -0.00000020378882692462
22100 -0.00000020430130143190
22200 -0.00000012669918536545
22300 -0.00000010746262968375
22400 -0.00000017118321293808
22500 -0.00000020085969354433
22600 -0.00000009019691393775
22700 -0.00000011851445336220
22800 -0.00000010739298428319
22900 -0.00000021964729524093
23000 -0.00000029539084911434
23100 -0.00000029492326891756
23200 -0.00000031411781842294
23300 -0.00000030745651069530
23400 -0.00000027568436689052
23500 -0.00000028544104480055
23600 -0.00000024451412050652
23700 -0.00000028599967305531
23800 -0.00000022081387496264
23900 -0.00000023429930950947
24000 -0.00000041683090645783
24100 -0.00000050569495324559
24200 -0.00000044832890067070
24300 -0.00000016345962206010
24400 -0.00000018302372084555
24500 -0.00000018163333259658
24600 -0.00000022930931975473
24700 -0.00000025063838360317
24800 -0.00000034721267616611
24900 -0.00000028475089597357
25000 -0.00000037614637671268
25100 -0.00000042050268866944
25200 -0.00000041365315128772
25300 -0.00000054478699906824
25400 -0.00000061551719321429
25500 -0.00000057857920809923
25600 -0.00000059210652780806
25700 -0.00000059154076748058
25800 -0.00000061008879637114
25900 -0.00000060964458192814
26000 -0.00000074031886554415
26100 -0.00000075025551793395
26200 -0.00000057457497670832
26300 -0.00000053291102308783
26400 -0.00000059146061825999
26500 -0.00000049325257300836
26600 -0.00000043433864171938
26700 -0.00000043549713946156
26800 -0.00000045975686591149
26900 -0.00000059590137113652
27000 -0.00000063632097058175
27100 -0.00000058484698461925
27200 -0.00000053186406479000
27300 -0.00000051867264505567
27400 -0.00000051245338283934
27500 -0.00000038576212824104
27600 -0.00000036528889912901
27700 -0.00000053357141660548
27800 -0.00000051768240205696
27900 -0.00000066371821794142
28000 -0.00000086290572465231
28100 -0.00000100484777809662
28200 -0.00000090809955799465
28300 -0.00000082998809514123
28400 -0.00000063497019886505
28500 -0.00000046843045176104
28600 -0.00000049244451494346
28700 -0.00000053764572283121
28800 -0.00000054238784241711
28900 -0.00000045478215415784
29000 -0.00000029894443898115
29100 -0.00000045351134270177
29200 -0.00000055248181718426
29300 -0.00000049229198695322
29400 -0.00000041964032959640
29500 -0.00000049627261344831
29600 -0.00000044659889986143
29700 -0.00000047181901363658
29800 -0.00000047578223161260
29900 -0.00000045040785789929
30000 -0.00000034112695534994
30100 -0.00000029412038160537
30200 -0.00000028533973028821
30300 -0.00000018878702290337
30400 -0.00000021450343967722
30500 -0.00000031610527040371
30600 -0.00000034444535135236
30700 -0.00000030851474974725
30800 -0.00000035993859293093
30900 -0.00000034325909892274
31000 -0.00000034676957927360
31100 -0.00000037076647441125
31200 -0.00000047214749443469
31300 -0.00000046983270229894
31400 -0.00000060958622061236
31500 -0.00000063438032071872
31600 -0.00000059841278576833
31700 -0.00000059508966199218
31800 -0.00000057070387993186
31900 -0.00000054154619633096
32000 -0.00000044524485542929
32100 -0.00000037177105371988
32200 -0.00000015786043872090
32300 -0.00000011742835237527
32400 -0.00000015190065050241
32500 -0.00000016391899082535
32600 -0.00000015711391010420
32700 -0.00000024749490012965
32800 -0.00000019464034450856
32900 -0.00000013319591718464
33000 -0.00000022797724885670
33100 -0.00000027135093394470
33200 -0.00000035700570388819
33300 -0.00000008372832693837
33400 -0.00000010962419105809
33500 -0.00000002796619491541
33600 -0.00000000662438237597
33700 -0.00000017471197022445
33800 -0.00000012155555384474
33900 -0.00000014973323692047
34000 -0.00000024694613554033
34100 -0.00000031916878184823
34200 -0.00000028783172201230
34300 -0.00000019425551056607
34400 -0.00000017269319885216
34500 -0.00000026496760230366
34600 -0.00000013213975713633
34700 -0.00000018215526442766
34800 -0.00000039354380487744
34900 -0.00000036213598875179
35000 -0.00000040634657083594
35100 -0.00000046447274870687
35200 -0.00000063751763135222
35300 -0.00000064705022650990
35400 -0.00000034617024469163
35500 -0.00000035919352359137
35600 -0.00000036632185085317
35700 -0.00000027097343702209
35800 -0.00000005610781905752
35900 -0.00000009890333618756
36000 -0.00000003315834162798
