100 0.920563
200 0.937403
300 0.939994
400 0.944485
500 0.944128
600 0.944134
700 0.944227
800 0.944490
900 0.945510
1000 0.946095
1100 0.946051
1200 0.946418
1300 0.945857
1400 0.945569
1500 0.945360
1600 0.945996
1700 0.946505
1800 0.946803
1900 0.947320
2000 0.947401
2100 0.947371
2200 0.947514
2300 0.947664
2400 0.947523
2500 0.947721
2600 0.948100
2700 0.948214
2800 0.948559
2900 0.948558
3000 0.948731
3100 0.948650
3200 0.948599
3300 0.948673
3400 0.948604
3500 0.948561
3600 0.948643
3700 0.948676
3800 0.948961
3900 0.949068
4000 0.948998
4100 0.949026
4200 0.948883
4300 0.948848
4400 0.948989
4500 0.949091
4600 0.949169
4700 0.949106
4800 0.949299
4900 0.949242
5000 0.949370
5100 0.949359
5200 0.949428
5300 0.949407
5400 0.949429
5500 0.949505
5600 0.949500
5700 0.949547
5800 0.949577
5900 0.949561
6000 0.949618
6100 0.949583
6200 0.949689
6300 0.949620
6400 0.949721
6500 0.949737
6600 0.949808
6700 0.949679
6800 0.949712
6900 0.949763
7000 0.949724
7100 0.949634
7200 0.949686
7300 0.949674
7400 0.949624
7500 0.949678
7600 0.949624
7700 0.949496
7800 0.949510
7900 0.949382
8000 0.949317
8100 0.949287
8200 0.949261
8300 0.949235
8400 0.949226
8500 0.949312
8600 0.949235
8700 0.949390
8800 0.949383
8900 0.949357
9000 0.949326
9100 0.949346
9200 0.949357
9300 0.949422
9400 0.949411
9500 0.949409
9600 0.949384
9700 0.949397
9800 0.949373
9900 0.949268
10000 0.949262
10100 0.949198
10200 0.949173
10300 0.949131
10400 0.949197
10500 0.949281
10600 0.949207
10700 0.949161
10800 0.949149
10900 0.949097
11000 0.949120
11100 0.949102
11200 0.948968
11300 0.949034
11400 0.948959
11500 0.948915
11600 0.948896
11700 0.948967
11800 0.948946
11900 0.948917
12000 0.948910
12100 0.948902
12200 0.948931
12300 0.948949
12400 0.949093
12500 0.949042
12600 0.949044
12700 0.949052
12800 0.949033
12900 0.949009
13000 0.949021
13100 0.949046
13200 0.949024
13300 0.948979
13400 0.948973
13500 0.948956
13600 0.948926
13700 0.948906
13800 0.948925
13900 0.948957
14000 0.948929
14100 0.948969
14200 0.948949
14300 0.948952
14400 0.948956
14500 0.948975
14600 0.948994
14700 0.948958
14800 0.948993
14900 0.949045
15000 0.949044
15100 0.949089
15200 0.949024
15300 0.948994
15400 0.948983
15500 0.949002
15600 0.949038
15700 0.949002
15800 0.949021
15900 0.949064
16000 0.949108
16100 0.949112
16200 0.949075
16300 0.949136
16400 0.949172
16500 0.949187
16600 0.949144
16700 0.949183
16800 0.949187
16900 0.949178
17000 0.949195
17100 0.949209
17200 0.949203
17300 0.949222
17400 0.949295
17500 0.949328
17600 0.949327
17700 0.949336
17800 0.949360
17900 0.949358
18000 0.949360
18100 0.949351
18200 0.949390
18300 0.949433
18400 0.949428
18500 0.949444
18600 0.949427
18700 0.949410
18800 0.949417
18900 0.949438
19000 0.949429
19100 0.949408
19200 0.949450
19300 0.949434
19400 0.949416
19500 0.949396
19600 0.949426
19700 0.949395
19800 0.949390
19900 0.949371
20000 0.949382
20100 0.949386
20200 0.949370
20300 0.949419
20400 0.949413
20500 0.949396
20600 0.949403
20700 0.949409
20800 0.949427
20900 0.949449
21000 0.949486
21100 0.949416
21200 0.949376
21300 0.949402
21400 0.949399
21500 0.949388
21600 0.949392
21700 0.949382
21800 0.949374
21900 0.949363
22000 0.949373
22100 0.949426
22200 0.949436
22300 0.949470
22400 0.949474
22500 0.949414
22600 0.949387
22700 0.949394
22800 0.949396
22900 0.949429
23000 0.949399
23100 0.949383
23200 0.949371
23300 0.949379
23400 0.949404
23500 0.949409
23600 0.949377
23700 0.949312
23800 0.949340
23900 0.949340
24000 0.949361
24100 0.949346
24200 0.949319
24300 0.949311
24400 0.949259
24500 0.949242
24600 0.949192
24700 0.949181
24800 0.949159
24900 0.949195
25000 0.949156
25100 0.949209
25200 0.949181
25300 0.949206
25400 0.949219
25500 0.949198
25600 0.949234
25700 0.949221
25800 0.949249
25900 0.949267
26000 0.949287
26100 0.949288
26200 0.949268
26300 0.949305
26400 0.949325
26500 0.949331
26600 0.949327
26700 0.949355
26800 0.949357
26900 0.949399
27000 0.949435
27100 0.949418
27200 0.949422
27300 0.949408
27400 0.949398
27500 0.949398
27600 0.949428
27700 0.949425
27800 0.949404
27900 0.949401
28000 0.949394
28100 0.949385
28200 0.949398
28300 0.949422
28400 0.949395
28500 0.949413
28600 0.949373
28700 0.949378
28800 0.949357
28900 0.949353
29000 0.949387
29100 0.949390
29200 0.949366
29300 0.949358
29400 0.949383
29500 0.949412
29600 0.949385
29700 0.949374
29800 0.949394
29900 0.949401
30000 0.949406
30100 0.949421
30200 0.949424
30300 0.949397
30400 0.949410
30500 0.949399
30600 0.949377
30700 0.949372
30800 0.949342
30900 0.949332
31000 0.949305
31100 0.949301
31200 0.949324
31300 0.949329
31400 0.949324
31500 0.949328
31600 0.949315
31700 0.949317
31800 0.949307
31900 0.949305
32000 0.949334
32100 0.949324
32200 0.949330
32300 0.949321
32400 0.949310
32500 0.949300
32600 0.949286
32700 0.949292
32800 0.949289
32900 0.949270
33000 0.949256
33100 0.949247
33200 0.949253
33300 0.949246
33400 0.949237
33500 0.949240
33600 0.949264
33700 0.949270
33800 0.949266
33900 0.949276
34000 0.949287
34100 0.949314
34200 0.949327
34300 0.949303
34400 0.949288
34500 0.949301
34600 0.949293
34700 0.949267
34800 0.949271
34900 0.949272
35000 0.949275
35100 0.949299
35200 0.949321
35300 0.949320
35400 0.949318
35500 0.949350
35600 0.949338
35700 0.949313
35800 0.949334
35900 0.949352
36000 0.949359
