100 0.777776
200 0.787919
300 0.789373
400 0.792600
500 0.794375
600 0.794698
700 0.795375
800 0.796848
900 0.797077
1000 0.797239
1100 0.797538
1200 0.797805
1300 0.797469
1400 0.797727
1500 0.797305
1600 0.797606
1700 0.798557
1800 0.798633
1900 0.799108
2000 0.799339
2100 0.799268
2200 0.798841
2300 0.798663
2400 0.798472
2500 0.798670
2600 0.798728
2700 0.798778
2800 0.798933
2900 0.799187
3000 0.799532
3100 0.799452
3200 0.799340
3300 0.799504
3400 0.799503
3500 0.799331
3600 0.799271
3700 0.799142
3800 0.799260
3900 0.799382
4000 0.799366
4100 0.799250
4200 0.799316
4300 0.799330
4400 0.799364
4500 0.799522
4600 0.799581
4700 0.799657
4800 0.799816
4900 0.799840
5000 0.800016
5100 0.799890
5200 0.799947
5300 0.799852
5400 0.799840
5500 0.799902
5600 0.799962
5700 0.799897
5800 0.799725
5900 0.799722
6000 0.799738
6100 0.799679
6200 0.799622
6300 0.799562
6400 0.799542
6500 0.799569
6600 0.799597
6700 0.799636
6800 0.799675
6900 0.799667
7000 0.799650
7100 0.799597
7200 0.799631
7300 0.799609
7400 0.799648
7500 0.799697
7600 0.799631
7700 0.799566
7800 0.799653
7900 0.799670
8000 0.799703
8100 0.799732
8200 0.799743
8300 0.799755
8400 0.799756
8500 0.799780
8600 0.799759
8700 0.799842
8800 0.799916
8900 0.799948
9000 0.799906
9100 0.799939
9200 0.799970
9300 0.799939
9400 0.799878
9500 0.799844
9600 0.799806
9700 0.799775
9800 0.799787
9900 0.799732
10000 0.799711
10100 0.799714
10200 0.799790
10300 0.799815
10400 0.799890
10500 0.799910
10600 0.799876
10700 0.799887
10800 0.799860
10900 0.799912
11000 0.799946
11100 0.799922
11200 0.799866
11300 0.799894
11400 0.799821
11500 0.799699
11600 0.799662
11700 0.799777
11800 0.799742
11900 0.799759
12000 0.799739
12100 0.799727
12200 0.799771
12300 0.799815
12400 0.799852
12500 0.799837
12600 0.799840
12700 0.799853
12800 0.799817
12900 0.799799
13000 0.799834
13100 0.799846
13200 0.799813
13300 0.799798
13400 0.799822
13500 0.799812
13600 0.799766
13700 0.799758
13800 0.799792
13900 0.799859
14000 0.799871
14100 0.799905
14200 0.799860
14300 0.799884
14400 0.799910
14500 0.799873
14600 0.799869
14700 0.799891
14800 0.799945
14900 0.800002
15000 0.800017
15100 0.800076
15200 0.800048
15300 0.800046
15400 0.799995
15500 0.799985
15600 0.799955
15700 0.799937
15800 0.799979
15900 0.799976
16000 0.799987
16100 0.799982
16200 0.799947
16300 0.799982
16400 0.800036
16500 0.800025
16600 0.799998
16700 0.799980
16800 0.800002
16900 0.800012
17000 0.800026
17100 0.800001
17200 0.800007
17300 0.800018
17400 0.800027
17500 0.800029
17600 0.800030
17700 0.800027
17800 0.800027
17900 0.799997
18000 0.799974
18100 0.799962
18200 0.799988
18300 0.799962
18400 0.799959
18500 0.799962
18600 0.799933
18700 0.799931
18800 0.799956
18900 0.799985
19000 0.799981
19100 0.800015
19200 0.800038
19300 0.800003
19400 0.800010
19500 0.799931
19600 0.799933
19700 0.799877
19800 0.799844
19900 0.799829
20000 0.799823
20100 0.799857
20200 0.799828
20300 0.799835
20400 0.799849
20500 0.799847
20600 0.799853
20700 0.799853
20800 0.799866
20900 0.799910
21000 0.799967
21100 0.799925
21200 0.799888
21300 0.799929
21400 0.799948
21500 0.799952
21600 0.799946
21700 0.799927
21800 0.799900
21900 0.799891
22000 0.799893
22100 0.799917
22200 0.799909
22300 0.799955
22400 0.799958
22500 0.799923
22600 0.799906
22700 0.799894
22800 0.799904
22900 0.799896
23000 0.799884
23100 0.799885
23200 0.799879
23300 0.799900
23400 0.799883
23500 0.799881
23600 0.799877
23700 0.799879
23800 0.799913
23900 0.799880
24000 0.799884
24100 0.799856
24200 0.799858
24300 0.799864
24400 0.799844
24500 0.799812
24600 0.799773
24700 0.799799
24800 0.799759
24900 0.799791
25000 0.799783
25100 0.799804
25200 0.799802
25300 0.799827
25400 0.799848
25500 0.799844
25600 0.799878
25700 0.799884
25800 0.799909
25900 0.799930
26000 0.799925
26100 0.799920
26200 0.799918
26300 0.799943
26400 0.799958
26500 0.799969
26600 0.799996
26700 0.800015
26800 0.800020
26900 0.800039
27000 0.800027
27100 0.800005
27200 0.800007
27300 0.800002
27400 0.799988
27500 0.799989
27600 0.799998
27700 0.800009
27800 0.800009
27900 0.800008
28000 0.800009
28100 0.800005
28200 0.800027
28300 0.800029
28400 0.800005
28500 0.800021
28600 0.800022
28700 0.800021
28800 0.800013
28900 0.800022
29000 0.800045
29100 0.800045
29200 0.800033
29300 0.800023
29400 0.800020
29500 0.800037
29600 0.800034
29700 0.800014
29800 0.800001
29900 0.799999
30000 0.800001
30100 0.800026
30200 0.800022
30300 0.800009
30400 0.800009
30500 0.800012
30600 0.799991
30700 0.799971
30800 0.799943
30900 0.799930
31000 0.799936
31100 0.799917
31200 0.799936
31300 0.799932
31400 0.799907
31500 0.799890
31600 0.799889
31700 0.799894
31800 0.799891
31900 0.799860
32000 0.799852
32100 0.799866
32200 0.799845
32300 0.799832
32400 0.799817
32500 0.799807
32600 0.799791
32700 0.799778
32800 0.799754
32900 0.799744
33000 0.799741
33100 0.799744
33200 0.799734
33300 0.799718
33400 0.799704
33500 0.799700
33600 0.799725
33700 0.799728
33800 0.799716
33900 0.799726
34000 0.799723
34100 0.799742
34200 0.799747
34300 0.799719
34400 0.799726
34500 0.799720
34600 0.799726
34700 0.799714
34800 0.799710
34900 0.799719
35000 0.799713
35100 0.799736
35200 0.799744
35300 0.799753
35400 0.799750
35500 0.799750
35600 0.799743
35700 0.799721
35800 0.799711
35900 0.799720
36000 0.799723
