100 0.967586
200 0.977330
300 0.976319
400 0.978064
500 0.981529
600 0.981542
700 0.983021
800 0.984003
900 0.983924
1000 0.984008
1100 0.984199
1200 0.984799
1300 0.985143
1400 0.985141
1500 0.985143
1600 0.985527
1700 0.986183
1800 0.986951
1900 0.987240
2000 0.987513
2100 0.987440
2200 0.987174
2300 0.987339
2400 0.987132
2500 0.987291
2600 0.987527
2700 0.987459
2800 0.987714
2900 0.988137
3000 0.988533
3100 0.988749
3200 0.988730
3300 0.988749
3400 0.988807
3500 0.988599
3600 0.988649
3700 0.988698
3800 0.988878
3900 0.989065
4000 0.989082
4100 0.989154
4200 0.989098
4300 0.988998
4400 0.988934
4500 0.988937
4600 0.988777
4700 0.988685
4800 0.988920
4900 0.988957
5000 0.989040
5100 0.989218
5200 0.989220
5300 0.989285
5400 0.989312
5500 0.989331
5600 0.989411
5700 0.989446
5800 0.989335
5900 0.989371
6000 0.989380
6100 0.989307
6200 0.989373
6300 0.989270
6400 0.989302
6500 0.989271
6600 0.989370
6700 0.989424
6800 0.989580
6900 0.989639
7000 0.989649
7100 0.989588
7200 0.989585
7300 0.989612
7400 0.989585
7500 0.989690
7600 0.989754
7700 0.989798
7800 0.989887
7900 0.989774
8000 0.989782
8100 0.989778
8200 0.989730
8300 0.989647
8400 0.989700
8500 0.989764
8600 0.989694
8700 0.989754
8800 0.989733
8900 0.989720
9000 0.989750
9100 0.989837
9200 0.989896
9300 0.989943
9400 0.989914
9500 0.989784
9600 0.989770
9700 0.989730
9800 0.989722
9900 0.989622
10000 0.989622
10100 0.989628
10200 0.989618
10300 0.989681
10400 0.989762
10500 0.989856
10600 0.989808
10700 0.989733
10800 0.989777
10900 0.989781
11000 0.989830
11100 0.989829
11200 0.989715
11300 0.989806
11400 0.989730
11500 0.989711
11600 0.989631
11700 0.989684
11800 0.989678
11900 0.989657
12000 0.989564
12100 0.989551
12200 0.989581
12300 0.989656
12400 0.989646
12500 0.989582
12600 0.989610
12700 0.989606
12800 0.989608
12900 0.989612
13000 0.989609
13100 0.989658
13200 0.989682
13300 0.989711
13400 0.989728
13500 0.989693
13600 0.989698
13700 0.989715
13800 0.989662
13900 0.989713
14000 0.989727
14100 0.989754
14200 0.989786
14300 0.989770
14400 0.989735
14500 0.989707
14600 0.989764
14700 0.989782
14800 0.989845
14900 0.989877
15000 0.989896
15100 0.989956
15200 0.989927
15300 0.989893
15400 0.989827
15500 0.989772
15600 0.989792
15700 0.989773
15800 0.989756
15900 0.989784
16000 0.989811
16100 0.989783
16200 0.989726
16300 0.989777
16400 0.989839
16500 0.989886
16600 0.989864
16700 0.989848
16800 0.989857
16900 0.989839
17000 0.989841
17100 0.989853
17200 0.989898
17300 0.989897
17400 0.989941
17500 0.989958
17600 0.989945
17700 0.989930
17800 0.989955
17900 0.989899
18000 0.989909
18100 0.989911
18200 0.989894
18300 0.989924
18400 0.989921
18500 0.989911
18600 0.989919
18700 0.989906
18800 0.989891
18900 0.989882
19000 0.989876
19100 0.989873
19200 0.989890
19300 0.989897
19400 0.989894
19500 0.989863
19600 0.989848
19700 0.989830
19800 0.989786
19900 0.989780
20000 0.989746
20100 0.989738
20200 0.989731
20300 0.989767
20400 0.989764
20500 0.989800
20600 0.989788
20700 0.989760
20800 0.989777
20900 0.989784
21000 0.989832
21100 0.989821
21200 0.989791
21300 0.989804
21400 0.989817
21500 0.989799
21600 0.989797
21700 0.989800
21800 0.989818
21900 0.989802
22000 0.989798
22100 0.989842
22200 0.989829
22300 0.989845
22400 0.989882
22500 0.989848
22600 0.989841
22700 0.989837
22800 0.989826
22900 0.989824
23000 0.989803
23100 0.989775
23200 0.989740
23300 0.989745
23400 0.989747
23500 0.989735
23600 0.989725
23700 0.989737
23800 0.989779
23900 0.989758
24000 0.989776
24100 0.989755
24200 0.989747
24300 0.989761
24400 0.989739
24500 0.989704
24600 0.989651
24700 0.989657
24800 0.989628
24900 0.989670
25000 0.989663
25100 0.989704
25200 0.989665
25300 0.989669
25400 0.989710
25500 0.989750
25600 0.989790
25700 0.989796
25800 0.989796
25900 0.989833
26000 0.989834
26100 0.989853
26200 0.989867
26300 0.989905
26400 0.989940
26500 0.989967
26600 0.989976
26700 0.989987
26800 0.990008
26900 0.990016
27000 0.990013
27100 0.989988
27200 0.989984
27300 0.989961
27400 0.989923
27500 0.989949
27600 0.989943
27700 0.989956
27800 0.989933
27900 0.989944
28000 0.989945
28100 0.989911
28200 0.989914
28300 0.989926
28400 0.989889
28500 0.989891
28600 0.989898
28700 0.989922
28800 0.989907
28900 0.989893
29000 0.989917
29100 0.989917
29200 0.989901
29300 0.989860
29400 0.989868
29500 0.989893
29600 0.989872
29700 0.989870
29800 0.989886
29900 0.989898
30000 0.989917
30100 0.989926
30200 0.989945
30300 0.989902
30400 0.989895
30500 0.989878
30600 0.989866
30700 0.989854
30800 0.989836
30900 0.989806
31000 0.989779
31100 0.989774
31200 0.989787
31300 0.989759
31400 0.989711
31500 0.989720
31600 0.989699
31700 0.989681
31800 0.989679
31900 0.989671
32000 0.989684
32100 0.989691
32200 0.989683
32300 0.989657
32400 0.989637
32500 0.989627
32600 0.989613
32700 0.989592
32800 0.989580
32900 0.989577
33000 0.989568
33100 0.989587
33200 0.989592
33300 0.989576
33400 0.989560
33500 0.989551
33600 0.989562
33700 0.989587
33800 0.989574
33900 0.989585
34000 0.989583
34100 0.989614
34200 0.989636
34300 0.989595
34400 0.989605
34500 0.989623
34600 0.989607
34700 0.989599
34800 0.989613
34900 0.989593
35000 0.989591
35100 0.989621
35200 0.989638
35300 0.989645
35400 0.989625
35500 0.989626
35600 0.989621
35700 0.989610
35800 0.989597
35900 0.989606
36000 0.989617
