100 -0.00000000018880186303
200 -0.00000000058626881128
300 -0.00000000061606897361
400 -0.00000000126810917322
500 -0.00000000000925481913
600 0.00000000112678932851
700 -0.00000000138488687185
800 -0.00000000088832763367
900 -0.00000000075246120446
1000 -0.00000000306193470578
1100 0.00000000387531784440
1200 -0.00000000161649538200
1300 -0.00000000177141501467
1400 -0.00000001285955875119
1500 -0.00000000281282908077
1600 0.00000000120393295333
1700 -0.00000000749642836695
1800 0.00000000081375972627
1900 0.00000000210652473243
2000 0.00000000470834748967
2100 -0.00000001337963695391
2200 -0.00000001144907102457
2300 -0.00000001085359002673
2400 -0.00000001380246317240
2500 -0.00000000562708990515
2600 0.00000000001457323151
2700 -0.00000001523513049051
2800 -0.00000002157905498734
2900 -0.00000000384437726098
3000 0.00000000438024017058
3100 0.00000002981542124303
3200 0.00000002457515080323
3300 -0.00000000066577854341
3400 0.00000000026008706300
3500 0.00000000033582026049
3600 -0.00000000679042955198
3700 0.00000001055386533722
3800 0.00000000568086377939
3900 -0.00000003373792623051
4000 -0.00000005620677256957
4100 -0.00000001324834286720
4200 -0.00000004675532139231
4300 -0.00000005894542454143
4400 -0.00000004902887340563
4500 -0.00000004295981881342
4600 -0.00000003673644854985
4700 -0.00000002232455997841
4800 -0.00000005174050698997
4900 -0.00000007765818210714
5000 -0.00000009860385574711
5100 -0.00000010524424709502
5200 -0.00000009956141511225
5300 -0.00000008790727790142
5400 -0.00000011783807352117
5500 -0.00000011206338612624
5600 -0.00000010433970132340
5700 -0.00000010602434841189
5800 -0.00000012633002910434
5900 -0.00000010716481924078
6000 -0.00000008266781392763
6100 -0.00000009234227960064
6200 -0.00000011081539241786
6300 -0.00000008467879197838
6400 -0.00000009531701650189
6500 -0.00000009791322952424
6600 -0.00000011277641576157
6700 -0.00000010773701575317
6800 -0.00000008991482758347
6900 -0.00000010866474653426
7000 -0.00000010879044864964
7100 -0.00000009220682528621
7200 -0.00000009662426947443
7300 -0.00000008944453000481
7400 -0.00000006448852474250
7500 -0.00000008277479679464
7600 -0.00000007490137576838
7700 -0.00000003872180442954
7800 -0.00000000213129425219
7900 0.00000003336695542089
8000 0.00000000055532112242
8100 0.00000002395491449647
8200 0.00000000594675952925
8300 0.00000007432056392531
8400 0.00000008828517650272
8500 0.00000009547978052638
8600 0.00000012710199470689
8700 0.00000014356368893687
8800 0.00000011402679334083
8900 0.00000012428964879518
9000 0.00000012134281135445
9100 0.00000011672256405859
9200 0.00000010707306685731
9300 0.00000013685372479699
9400 0.00000010787326232276
9500 0.00000014312893270585
9600 0.00000011692652179818
9700 0.00000008420985864177
9800 0.00000007465350293501
9900 0.00000009957975777297
10000 0.00000009068116213484
10100 0.00000009813700430072
10200 0.00000012397708104572
10300 0.00000010278449380507
10400 0.00000009218651442211
10500 0.00000004784685003756
10600 0.00000006420553333442
10700 0.00000002816674538053
10800 -0.00000001648235681273
10900 0.00000007475575003468
11000 0.00000014098805678486
11100 0.00000023620429345783
11200 0.00000024516155150422
11300 0.00000020393668265228
11400 0.00000015994915258943
11500 0.00000025202373521438
11600 0.00000021149405426968
11700 0.00000016846147943284
11800 0.00000019756136637739
11900 0.00000028919740913125
12000 0.00000026757379956166
12100 0.00000021848433817695
12200 0.00000015016999199702
12300 0.00000015218143900597
12400 0.00000013079590743814
12500 0.00000008690440722603
12600 0.00000002828178935488
12700 -0.00000004612413917471
12800 -0.00000005651894596781
12900 -0.00000019024733788342
13000 -0.00000026021054821967
13100 -0.00000024025412059814
13200 -0.00000026923980200877
13300 -0.00000025667718617228
13400 -0.00000025721861263150
13500 -0.00000020148985058199
13600 -0.00000014662933978116
13700 -0.00000011165754543185
13800 -0.00000004323726088273
13900 -0.00000009607365925035
14000 -0.00000013854973701655
14100 -0.00000011940326061222
14200 -0.00000014353118871213
14300 -0.00000013730206660512
14400 -0.00000016248206335945
14500 -0.00000013899800777040
14600 -0.00000015517858287240
14700 -0.00000014813564774840
14800 -0.00000015144445697501
14900 -0.00000011962481494265
15000 -0.00000016035839678352
15100 -0.00000015367015038237
15200 -0.00000012342629673867
15300 -0.00000000526948085167
15400 0.00000000615221296130
15500 -0.00000014119286362302
15600 0.00000005869621233501
15700 0.00000002507111318550
15800 -0.00000006952409847827
15900 0.00000002662075360149
16000 -0.00000003818175642323
16100 0.00000009172667247981
16200 -0.00000000038960124016
16300 0.00000003571631168597
16400 0.00000009472395845478
16500 0.00000009918926124897
16600 0.00000013762123174388
16700 0.00000022900796992076
16800 0.00000017745058045193
16900 0.00000007872953489141
17000 0.00000014937540626647
17100 0.00000016094114130283
17200 0.00000010838891384424
17300 0.00000026545315279236
17400 0.00000025317197227537
17500 0.00000024824176847460
17600 0.00000016998105323296
17700 0.00000026360605787090
17800 0.00000040875804785401
17900 0.00000043793678017323
18000 0.00000033607510729894
18100 0.00000032697237628554
18200 0.00000041865804689678
18300 0.00000042880753525765
18400 0.00000050728651146414
18500 0.00000057985596413346
18600 0.00000064681114864129
18700 0.00000060792516620722
18800 0.00000075714864422594
18900 0.00000071175445981453
19000 0.00000087505562973433
19100 0.00000084580699066805
19200 0.00000087061693676560
19300 0.00000093737190454135
19400 0.00000092826059372442
19500 0.00000087295542883226
19600 0.00000083376331616591
19700 0.00000091951788760980
19800 0.00000098515361202089
19900 0.00000108336683624088
20000 0.00000108193138359525
20100 0.00000093827244285194
20200 0.00000084266220667928
20300 0.00000083857719346270
20400 0.00000091429630089124
20500 0.00000088597363756548
20600 0.00000092448462396533
20700 0.00000093742315954159
20800 0.00000099147383281206
20900 0.00000099535135689166
21000 0.00000102004842972292
21100 0.00000100737599595391
21200 0.00000100898347454859
21300 0.00000096136096061628
21400 0.00000092027129028338
21500 0.00000093363529884982
21600 0.00000082752966790167
21700 0.00000074109436454250
21800 0.00000088337860049137
21900 0.00000077412540377964
22000 0.00000077636028805728
22100 0.00000086537232490969
22200 0.00000096270540694832
22300 0.00000101058645540775
22400 0.00000102858958683782
22500 0.00000099759153471268
22600 0.00000112603251878340
22700 0.00000104828109570576
22800 0.00000108153187028392
22900 0.00000091671340030075
23000 0.00000076751380362339
23100 0.00000073244627429858
23200 0.00000063282228524031
23300 0.00000051749986340610
23400 0.00000054410472216659
23500 0.00000048687099507561
23600 0.00000056731006381483
23700 0.00000053251315534908
23800 0.00000045850039498418
23900 0.00000046214730531347
24000 0.00000045947969695703
24100 0.00000056420144645131
24200 0.00000043333572818938
24300 0.00000047565134053684
24400 0.00000040196786699198
24500 0.00000037417036935494
24600 0.00000023558662931578
24700 0.00000030609333379061
24800 0.00000030814639728760
24900 0.00000014073451026775
25000 0.00000016166177374544
25100 0.00000022275578004383
25200 0.00000016406976399708
25300 0.00000033939090471335
25400 0.00000067380869950284
25500 0.00000074741871003425
25600 0.00000074510179004506
25700 0.00000063239042802365
25800 0.00000057153052779313
25900 0.00000056594307551450
26000 0.00000063045854403754
26100 0.00000058642105216222
26200 0.00000072107226145590
26300 0.00000071335822582341
26400 0.00000061936773931848
26500 0.00000059030652366232
26600 0.00000037632496230344
26700 0.00000036261609182020
26800 0.00000039713644639505
26900 0.00000045485548838542
27000 0.00000046019749788684
27100 0.00000039686710451292
27200 0.00000051804662959398
27300 0.00000067855951613183
27400 0.00000069055577966992
27500 0.00000083459184452295
27600 0.00000077730209824267
27700 0.00000062523661981118
27800 0.00000042902418329049
27900 0.00000042751431550414
28000 0.00000044343751426368
28100 0.00000041158810759612
28200 0.00000024632825557092
28300 0.00000022469330218655
28400 0.00000024895473060838
28500 0.00000023093065593116
28600 0.00000038337571695024
28700 0.00000041889972735021
28800 0.00000029080432284445
28900 0.00000034402733462002
29000 0.00000028907830085245
29100 0.00000043359561985312
29200 0.00000047593666252510
29300 0.00000034214622957052
29400 0.00000030987139965077
29500 0.00000031952655987766
29600 0.00000013983013857910
29700 0.00000022446324265957
29800 0.00000027240650979365
29900 0.00000034313997687718
30000 0.00000031922687071528
30100 0.00000041615961521302
30200 0.00000045315037766613
30300 0.00000028399576734728
30400 0.00000039882820601633
30500 0.00000028795421513905
30600 0.00000007777697064171
30700 0.00000039339693103102
30800 0.00000050488418779082
30900 0.00000025645251611195
31000 0.00000066880689075788
31100 0.00000074191738974605
31200 0.00000060172067861686
31300 0.00000035268057274607
31400 0.00000039825166453511
31500 0.00000034464282450131
31600 0.00000036211866216718
31700 0.00000043978508657005
31800 0.00000023122932901742
31900 0.00000021540889605376
32000 0.00000007880414898409
32100 -0.00000005545895120918
32200 0.00000006012488285023
32300 -0.00000018569206616803
32400 -0.00000016263115298898
32500 -0.00000013367924012186
32600 0.00000009380739385279
32700 0.00000008682180663300
32800 0.00000010863685773188
32900 0.00000021712437003885
33000 0.00000021095990021536
33100 0.00000017466131652100
33200 0.00000005138382519476
33300 0.00000014025848571464
33400 -0.00000003918450985907
33500 -0.00000011247635711698
33600 -0.00000002176827962330
33700 -0.00000025656770219484
33800 -0.00000033897852347309
33900 -0.00000035526618091808
34000 -0.00000008235503301535
34100 -0.00000018107156662950
34200 -0.00000029248793964598
34300 -0.00000029302457349445
34400 -0.00000023053495823433
34500 0.00000006986249800889
34600 0.00000016509520150976
34700 0.00000042019046730957
34800 0.00000025087618382713
34900 0.00000043469638200122
35000 0.00000039875229873587
35100 0.00000035906119677520
35200 0.00000012143242145157
35300 0.00000015918466900189
35400 0.00000021814097550532
35500 0.00000023546615679493
35600 0.00000028828300813188
35700 0.00000032700731722457
35800 0.00000024579012602999
35900 0.00000024301800749527
36000 0.00000020463738792387
