100 0.002560
200 0.002552
300 0.002558
400 0.002598
500 0.002619
600 0.002614
700 0.002626
800 0.002621
900 0.002622
1000 0.002619
1100 0.002627
1200 0.002626
1300 0.002624
1400 0.002617
1500 0.002612
1600 0.002606
1700 0.002604
1800 0.002600
1900 0.002601
2000 0.002600
2100 0.002601
2200 0.002600
2300 0.002595
2400 0.002591
2500 0.002593
2600 0.002594
2700 0.002593
2800 0.002598
2900 0.002600
3000 0.002603
3100 0.002604
3200 0.002607
3300 0.002608
3400 0.002611
3500 0.002610
3600 0.002610
3700 0.002609
3800 0.002610
3900 0.002607
4000 0.002605
4100 0.002604
4200 0.002604
4300 0.002603
4400 0.002604
4500 0.002606
4600 0.002605
4700 0.002604
4800 0.002603
4900 0.002604
5000 0.002606
5100 0.002606
5200 0.002605
5300 0.002604
5400 0.002605
5500 0.002606
5600 0.002607
5700 0.002607
5800 0.002606
5900 0.002606
6000 0.002607
6100 0.002607
6200 0.002607
6300 0.002605
6400 0.002605
6500 0.002606
6600 0.002606
6700 0.002605
6800 0.002607
6900 0.002605
7000 0.002604
7100 0.002603
7200 0.002604
7300 0.002604
7400 0.002603
7500 0.002603
7600 0.002603
7700 0.002604
7800 0.002605
7900 0.002603
8000 0.002603
8100 0.002602
8200 0.002603
8300 0.002602
8400 0.002601
8500 0.002601
8600 0.002600
8700 0.002600
8800 0.002601
8900 0.002601
9000 0.002601
9100 0.002602
9200 0.002601
9300 0.002602
9400 0.002602
9500 0.002602
9600 0.002603
9700 0.002603
9800 0.002603
9900 0.002603
10000 0.002604
10100 0.002604
10200 0.002604
10300 0.002603
10400 0.002604
10500 0.002604
10600 0.002605
10700 0.002605
10800 0.002605
10900 0.002605
11000 0.002605
11100 0.002605
11200 0.002605
11300 0.002605
11400 0.002604
11500 0.002604
11600 0.002604
11700 0.002605
11800 0.002605
11900 0.002604
12000 0.002604
12100 0.002603
12200 0.002604
12300 0.002604
12400 0.002604
12500 0.002604
12600 0.002604
12700 0.002603
12800 0.002603
12900 0.002603
13000 0.002603
13100 0.002603
13200 0.002602
13300 0.002602
13400 0.002602
13500 0.002602
13600 0.002601
13700 0.002601
13800 0.002601
13900 0.002601
14000 0.002602
14100 0.002602
14200 0.002602
14300 0.002603
14400 0.002603
14500 0.002603
14600 0.002603
14700 0.002603
14800 0.002603
14900 0.002604
15000 0.002604
15100 0.002604
15200 0.002605
15300 0.002605
15400 0.002604
15500 0.002603
15600 0.002603
15700 0.002604
15800 0.002604
15900 0.002604
16000 0.002605
16100 0.002605
16200 0.002605
16300 0.002605
16400 0.002605
16500 0.002606
16600 0.002606
16700 0.002606
16800 0.002606
16900 0.002606
17000 0.002606
17100 0.002606
17200 0.002606
17300 0.002605
17400 0.002606
17500 0.002606
17600 0.002606
17700 0.002606
17800 0.002606
17900 0.002606
18000 0.002606
18100 0.002606
18200 0.002607
18300 0.002606
18400 0.002606
18500 0.002606
18600 0.002606
18700 0.002606
18800 0.002605
18900 0.002605
19000 0.002605
19100 0.002605
19200 0.002605
19300 0.002605
19400 0.002606
19500 0.002605
19600 0.002605
19700 0.002605
19800 0.002605
19900 0.002605
20000 0.002605
20100 0.002605
20200 0.002605
20300 0.002605
20400 0.002605
20500 0.002605
20600 0.002605
20700 0.002605
20800 0.002605
20900 0.002605
21000 0.002605
21100 0.002604
21200 0.002605
21300 0.002605
21400 0.002604
21500 0.002604
21600 0.002604
21700 0.002604
21800 0.002605
21900 0.002604
22000 0.002604
22100 0.002605
22200 0.002604
22300 0.002604
22400 0.002605
22500 0.002605
22600 0.002605
22700 0.002605
22800 0.002605
22900 0.002605
23000 0.002604
23100 0.002604
23200 0.002604
23300 0.002604
23400 0.002605
23500 0.002605
23600 0.002605
23700 0.002605
23800 0.002605
23900 0.002606
24000 0.002606
24100 0.002605
24200 0.002605
24300 0.002605
24400 0.002605
24500 0.002605
24600 0.002604
24700 0.002604
24800 0.002604
24900 0.002604
25000 0.002604
25100 0.002605
25200 0.002605
25300 0.002605
25400 0.002605
25500 0.002605
25600 0.002605
25700 0.002605
25800 0.002606
25900 0.002606
26000 0.002606
26100 0.002606
26200 0.002606
26300 0.002606
26400 0.002606
26500 0.002607
26600 0.002607
26700 0.002607
26800 0.002607
26900 0.002608
27000 0.002607
27100 0.002607
27200 0.002607
27300 0.002606
27400 0.002607
27500 0.002607
27600 0.002607
27700 0.002608
27800 0.002608
27900 0.002608
28000 0.002608
28100 0.002608
28200 0.002608
28300 0.002608
28400 0.002608
28500 0.002608
28600 0.002608
28700 0.002608
28800 0.002608
28900 0.002608
29000 0.002608
29100 0.002608
29200 0.002608
29300 0.002608
29400 0.002608
29500 0.002608
29600 0.002608
29700 0.002608
29800 0.002608
29900 0.002608
30000 0.002608
30100 0.002609
30200 0.002609
30300 0.002609
30400 0.002609
30500 0.002609
30600 0.002609
30700 0.002609
30800 0.002608
30900 0.002608
31000 0.002609
31100 0.002608
31200 0.002608
31300 0.002608
31400 0.002608
31500 0.002608
31600 0.002608
31700 0.002608
31800 0.002608
31900 0.002608
32000 0.002608
32100 0.002608
32200 0.002607
32300 0.002608
32400 0.002608
32500 0.002608
32600 0.002608
32700 0.002608
32800 0.002608
32900 0.002608
33000 0.002608
33100 0.002608
33200 0.002608
33300 0.002608
33400 0.002608
33500 0.002608
33600 0.002608
33700 0.002608
33800 0.002608
33900 0.002608
34000 0.002608
34100 0.002608
34200 0.002608
34300 0.002608
34400 0.002608
34500 0.002607
34600 0.002607
34700 0.002607
34800 0.002607
34900 0.002607
35000 0.002607
35100 0.002607
35200 0.002607
35300 0.002607
35400 0.002607
35500 0.002607
35600 0.002608
35700 0.002608
35800 0.002608
35900 0.002608
36000 0.002608
