100 0.199247
200 0.206589
300 0.166993
400 0.151557
500 0.174195
600 0.158353
700 0.160378
800 0.164554
900 0.159658
1000 0.154637
1100 0.153867
1200 0.154070
1300 0.153928
1400 0.151497
1500 0.149339
1600 0.159797
1700 0.183866
1800 0.214105
1900 0.214332
2000 0.212834
2100 0.207861
2200 0.202581
2300 0.199687
2400 0.194675
2500 0.191633
2600 0.190032
2700 0.187097
2800 0.193017
2900 0.239404
3000 0.267327
3100 0.272261
3200 0.268569
3300 0.266279
3400 0.267499
3500 0.262099
3600 0.259187
3700 0.256686
3800 0.256066
3900 0.259898
4000 0.261081
4100 0.260201
4200 0.257068
4300 0.253949
4400 0.251666
4500 0.250513
4600 0.247052
4700 0.245861
4800 0.254908
4900 0.253312
5000 0.254996
5100 0.259844
5200 0.257934
5300 0.259319
5400 0.258421
5500 0.256736
5600 0.257513
5700 0.256753
5800 0.253846
5900 0.251805
6000 0.250282
6100 0.247640
6200 0.247101
6300 0.245684
6400 0.244777
6500 0.243633
6600 0.243531
6700 0.244181
6800 0.249729
6900 0.249708
7000 0.249012
7100 0.247167
7200 0.245412
7300 0.244555
7400 0.243005
7500 0.242599
7600 0.242708
7700 0.241954
7800 0.241143
7900 0.239113
8000 0.238775
8100 0.237155
8200 0.235677
8300 0.234289
8400 0.235415
8500 0.236240
8600 0.234794
8700 0.234221
8800 0.233003
8900 0.232304
9000 0.231789
9100 0.232089
9200 0.235443
9300 0.237412
9400 0.236296
9500 0.234684
9600 0.233631
9700 0.232716
9800 0.232231
9900 0.231313
10000 0.230045
10100 0.230421
10200 0.229232
10300 0.228911
10400 0.230267
10500 0.231510
10600 0.230311
10700 0.229055
10800 0.231124
10900 0.230286
11000 0.230811
11100 0.229955
11200 0.228580
11300 0.230600
11400 0.229525
11500 0.228887
11600 0.227932
11700 0.228433
11800 0.228135
11900 0.227249
12000 0.226082
12100 0.225165
12200 0.225286
12300 0.226188
12400 0.225405
12500 0.224618
12600 0.224941
12700 0.225587
12800 0.226000
12900 0.225229
13000 0.224687
13100 0.225794
13200 0.226254
13300 0.225897
13400 0.225297
13500 0.225089
13600 0.224584
13700 0.224777
13800 0.224064
13900 0.224552
14000 0.224903
14100 0.224782
14200 0.224535
14300 0.224362
14400 0.223589
14500 0.222983
14600 0.224003
14700 0.225230
14800 0.226458
14900 0.226862
15000 0.226870
15100 0.227711
15200 0.227197
15300 0.226655
15400 0.226390
15500 0.225660
15600 0.225319
15700 0.224542
15800 0.223766
15900 0.223317
16000 0.223214
16100 0.222621
16200 0.221856
16300 0.222743
16400 0.226967
16500 0.227625
16600 0.227750
16700 0.227397
16800 0.227234
16900 0.226870
17000 0.226173
17100 0.225973
17200 0.226469
17300 0.226222
17400 0.227940
17500 0.227708
17600 0.227495
17700 0.226800
17800 0.226737
17900 0.225936
18000 0.226268
18100 0.225707
18200 0.225371
18300 0.225590
18400 0.225053
18500 0.224493
18600 0.224288
18700 0.224249
18800 0.223846
18900 0.223399
19000 0.222805
19100 0.222432
19200 0.222252
19300 0.221955
19400 0.221813
19500 0.221182
19600 0.220832
19700 0.220199
19800 0.220045
19900 0.219565
20000 0.219056
20100 0.219208
20200 0.218811
20300 0.219623
20400 0.219193
20500 0.219506
20600 0.219028
20700 0.218387
20800 0.218776
20900 0.218426
21000 0.221910
21100 0.222446
21200 0.221904
21300 0.221764
21400 0.222677
21500 0.222787
21600 0.222355
21700 0.222239
21800 0.221871
21900 0.221322
22000 0.220875
22100 0.222068
22200 0.221778
22300 0.222028
22400 0.223017
22500 0.222645
22600 0.222315
22700 0.222076
22800 0.221714
22900 0.221552
23000 0.221446
23100 0.221017
23200 0.220524
23300 0.220436
23400 0.220206
23500 0.219818
23600 0.219535
23700 0.219856
23800 0.221156
23900 0.220846
24000 0.220709
24100 0.220349
24200 0.220183
24300 0.220031
24400 0.219620
24500 0.219216
24600 0.218593
24700 0.218505
24800 0.218026
24900 0.218768
25000 0.218345
25100 0.219792
25200 0.219379
25300 0.219301
25400 0.220005
25500 0.221596
25600 0.225258
25700 0.226175
25800 0.226059
25900 0.226638
26000 0.226470
26100 0.227009
26200 0.226746
26300 0.228440
26400 0.229248
26500 0.229809
26600 0.229967
26700 0.229770
26800 0.229738
26900 0.229542
27000 0.229345
27100 0.228942
27200 0.228520
27300 0.228314
27400 0.227760
27500 0.227885
27600 0.227566
27700 0.227667
27800 0.227288
27900 0.227144
28000 0.226892
28100 0.226450
28200 0.226168
28300 0.226182
28400 0.225659
28500 0.225647
28600 0.225347
28700 0.225566
28800 0.225334
28900 0.225021
29000 0.226234
29100 0.225950
29200 0.225526
29300 0.225053
29400 0.224743
29500 0.224808
29600 0.224402
29700 0.224345
29800 0.224237
29900 0.224083
30000 0.224121
30100 0.223979
30200 0.223711
30300 0.223208
30400 0.223320
30500 0.222945
30600 0.222819
30700 0.222663
30800 0.222204
30900 0.221778
31000 0.221343
31100 0.221368
31200 0.221232
31300 0.220903
31400 0.220433
31500 0.220505
31600 0.220196
31700 0.219957
31800 0.219686
31900 0.219784
32000 0.219617
32100 0.219498
32200 0.219150
32300 0.218761
32400 0.218423
32500 0.218189
32600 0.217850
32700 0.217503
32800 0.217122
32900 0.216850
33000 0.216710
33100 0.216925
33200 0.216773
33300 0.216476
33400 0.216151
33500 0.215875
33600 0.215962
33700 0.216053
33800 0.215729
33900 0.215745
34000 0.215571
34100 0.216864
34200 0.217064
34300 0.216647
34400 0.216485
34500 0.216621
34600 0.216283
34700 0.216255
34800 0.216119
34900 0.215827
35000 0.215705
35100 0.216325
35200 0.216396
35300 0.216440
35400 0.216075
35500 0.215842
35600 0.215595
35700 0.215380
35800 0.215279
35900 0.215760
36000 0.215874
