100 0.007926
200 0.007869
300 0.007689
400 0.007720
500 0.007667
600 0.007526
700 0.007566
800 0.007555
900 0.007570
1000 0.007557
1100 0.007527
1200 0.007507
1300 0.007489
1400 0.007483
1500 0.007442
1600 0.007461
1700 0.007488
1800 0.007474
1900 0.007481
2000 0.007507
2100 0.007522
2200 0.007489
2300 0.007481
2400 0.007475
2500 0.007485
2600 0.007473
2700 0.007475
2800 0.007486
2900 0.007503
3000 0.007533
3100 0.007527
3200 0.007520
3300 0.007526
3400 0.007526
3500 0.007508
3600 0.007517
3700 0.007509
3800 0.007522
3900 0.007520
4000 0.007514
4100 0.007507
4200 0.007506
4300 0.007515
4400 0.007525
4500 0.007526
4600 0.007534
4700 0.007534
4800 0.007527
4900 0.007528
5000 0.007534
5100 0.007521
5200 0.007525
5300 0.007520
5400 0.007515
5500 0.007511
5600 0.007516
5700 0.007511
5800 0.007500
5900 0.007502
6000 0.007502
6100 0.007499
6200 0.007494
6300 0.007486
6400 0.007485
6500 0.007491
6600 0.007494
6700 0.007497
6800 0.007501
6900 0.007497
7000 0.007498
7100 0.007497
7200 0.007502
7300 0.007499
7400 0.007503
7500 0.007506
7600 0.007498
7700 0.007494
7800 0.007499
7900 0.007495
8000 0.007493
8100 0.007498
8200 0.007498
8300 0.007493
8400 0.007497
8500 0.007497
8600 0.007497
8700 0.007502
8800 0.007506
8900 0.007510
9000 0.007504
9100 0.007508
9200 0.007507
9300 0.007500
9400 0.007493
9500 0.007496
9600 0.007489
9700 0.007487
9800 0.007490
9900 0.007493
10000 0.007492
10100 0.007492
10200 0.007502
10300 0.007501
10400 0.007501
10500 0.007499
10600 0.007498
10700 0.007497
10800 0.007492
10900 0.007495
11000 0.007492
11100 0.007493
11200 0.007490
11300 0.007491
11400 0.007484
11500 0.007478
11600 0.007477
11700 0.007483
11800 0.007481
11900 0.007483
12000 0.007482
12100 0.007481
12200 0.007483
12300 0.007486
12400 0.007487
12500 0.007486
12600 0.007487
12700 0.007485
12800 0.007483
12900 0.007479
13000 0.007482
13100 0.007481
13200 0.007479
13300 0.007478
13400 0.007481
13500 0.007482
13600 0.007481
13700 0.007481
13800 0.007485
13900 0.007486
14000 0.007486
14100 0.007489
14200 0.007487
14300 0.007490
14400 0.007495
14500 0.007493
14600 0.007493
14700 0.007494
14800 0.007499
14900 0.007502
15000 0.007503
15100 0.007508
15200 0.007509
15300 0.007511
15400 0.007505
15500 0.007506
15600 0.007506
15700 0.007503
15800 0.007503
15900 0.007504
16000 0.007503
16100 0.007502
16200 0.007501
16300 0.007500
16400 0.007508
16500 0.007506
16600 0.007504
16700 0.007505
16800 0.007507
16900 0.007508
17000 0.007509
17100 0.007509
17200 0.007509
17300 0.007511
17400 0.007513
17500 0.007512
17600 0.007512
17700 0.007512
17800 0.007511
17900 0.007508
18000 0.007507
18100 0.007509
18200 0.007511
18300 0.007508
18400 0.007509
18500 0.007509
18600 0.007506
18700 0.007507
18800 0.007508
18900 0.007511
19000 0.007511
19100 0.007512
19200 0.007513
19300 0.007508
19400 0.007508
19500 0.007505
19600 0.007508
19700 0.007504
19800 0.007503
19900 0.007501
20000 0.007500
20100 0.007502
20200 0.007501
20300 0.007505
20400 0.007506
20500 0.007506
20600 0.007505
20700 0.007504
20800 0.007504
20900 0.007504
21000 0.007510
21100 0.007508
21200 0.007506
21300 0.007512
21400 0.007512
21500 0.007513
21600 0.007512
21700 0.007512
21800 0.007511
21900 0.007508
22000 0.007508
22100 0.007509
22200 0.007507
22300 0.007509
22400 0.007510
22500 0.007511
22600 0.007508
22700 0.007508
22800 0.007506
22900 0.007505
23000 0.007504
23100 0.007504
23200 0.007503
23300 0.007505
23400 0.007504
23500 0.007504
23600 0.007505
23700 0.007505
23800 0.007504
23900 0.007502
24000 0.007504
24100 0.007501
24200 0.007502
24300 0.007502
24400 0.007503
24500 0.007501
24600 0.007497
24700 0.007499
24800 0.007497
24900 0.007499
25000 0.007499
25100 0.007500
25200 0.007499
25300 0.007500
25400 0.007500
25500 0.007499
25600 0.007501
25700 0.007501
25800 0.007504
25900 0.007506
26000 0.007504
26100 0.007504
26200 0.007504
26300 0.007506
26400 0.007508
26500 0.007508
26600 0.007509
26700 0.007509
26800 0.007510
26900 0.007510
27000 0.007509
27100 0.007509
27200 0.007508
27300 0.007508
27400 0.007507
27500 0.007507
27600 0.007508
27700 0.007508
27800 0.007508
27900 0.007509
28000 0.007508
28100 0.007507
28200 0.007507
28300 0.007508
28400 0.007507
28500 0.007509
28600 0.007510
28700 0.007510
28800 0.007510
28900 0.007511
29000 0.007513
29100 0.007513
29200 0.007512
29300 0.007511
29400 0.007510
29500 0.007509
29600 0.007507
29700 0.007506
29800 0.007504
29900 0.007504
30000 0.007504
30100 0.007505
30200 0.007504
30300 0.007503
30400 0.007502
30500 0.007503
30600 0.007502
30700 0.007501
30800 0.007499
30900 0.007497
31000 0.007498
31100 0.007496
31200 0.007497
31300 0.007495
31400 0.007493
31500 0.007493
31600 0.007493
31700 0.007495
31800 0.007494
31900 0.007491
32000 0.007491
32100 0.007492
32200 0.007491
32300 0.007490
32400 0.007490
32500 0.007489
32600 0.007490
32700 0.007490
32800 0.007488
32900 0.007488
33000 0.007487
33100 0.007486
33200 0.007486
33300 0.007486
33400 0.007485
33500 0.007485
33600 0.007486
33700 0.007487
33800 0.007486
33900 0.007487
34000 0.007487
34100 0.007487
34200 0.007487
34300 0.007485
34400 0.007485
34500 0.007484
34600 0.007485
34700 0.007484
34800 0.007483
34900 0.007483
35000 0.007483
35100 0.007483
35200 0.007484
35300 0.007484
35400 0.007485
35500 0.007484
35600 0.007484
35700 0.007482
35800 0.007481
35900 0.007482
36000 0.007482
