100 1.153643
200 1.184563
300 1.198902
400 1.227301
500 1.241123
600 1.240017
700 1.247514
800 1.246048
900 1.247538
1000 1.247407
1100 1.251851
1200 1.252574
1300 1.251305
1400 1.248775
1500 1.245986
1600 1.244124
1700 1.243744
1800 1.241480
1900 1.242756
2000 1.242091
2100 1.243508
2200 1.242285
2300 1.240115
2400 1.237612
2500 1.239039
2600 1.239771
2700 1.238970
2800 1.241736
2900 1.243307
3000 1.245021
3100 1.245402
3200 1.246863
3300 1.247462
3400 1.249016
3500 1.248111
3600 1.248612
3700 1.247975
3800 1.248672
3900 1.247690
4000 1.246612
4100 1.245858
4200 1.245946
4300 1.245727
4400 1.246348
4500 1.247482
4600 1.246678
4700 1.246222
4800 1.245683
4900 1.246678
5000 1.247552
5100 1.247504
5200 1.247291
5300 1.246695
5400 1.247389
5500 1.248108
5600 1.248284
5700 1.248225
5800 1.247926
5900 1.247548
6000 1.248352
6100 1.248392
6200 1.248521
6300 1.247407
6400 1.247549
6500 1.247701
6600 1.247787
6700 1.247618
6800 1.248337
6900 1.247675
7000 1.247277
7100 1.246430
7200 1.246999
7300 1.246722
7400 1.246353
7500 1.246537
7600 1.246793
7700 1.246818
7800 1.247495
7900 1.246413
8000 1.246059
8100 1.245947
8200 1.246107
8300 1.245941
8400 1.245330
8500 1.245404
8600 1.244879
8700 1.244909
8800 1.245399
8900 1.245731
9000 1.245583
9100 1.245670
9200 1.245661
9300 1.246392
9400 1.246260
9500 1.246243
9600 1.246512
9700 1.246617
9800 1.246905
9900 1.246781
10000 1.247157
10100 1.246807
10200 1.246924
10300 1.246648
10400 1.246916
10500 1.247357
10600 1.247539
10700 1.247680
10800 1.247567
10900 1.247489
11000 1.247668
11100 1.247751
11200 1.247603
11300 1.247586
11400 1.247435
11500 1.246968
11600 1.247047
11700 1.247524
11800 1.247380
11900 1.247043
12000 1.246745
12100 1.246695
12200 1.246869
12300 1.247096
12400 1.247333
12500 1.247176
12600 1.246968
12700 1.246726
12800 1.246712
12900 1.246459
13000 1.246555
13100 1.246580
13200 1.246024
13300 1.246071
13400 1.246047
13500 1.245772
13600 1.245749
13700 1.245457
13800 1.245464
13900 1.245661
14000 1.246000
14100 1.246217
14200 1.246195
14300 1.246345
14400 1.246609
14500 1.246593
14600 1.246576
14700 1.246390
14800 1.246530
14900 1.246800
15000 1.246699
15100 1.247182
15200 1.247223
15300 1.247251
15400 1.246901
15500 1.246550
15600 1.246581
15700 1.246672
15800 1.246750
15900 1.247029
16000 1.247390
16100 1.247344
16200 1.247291
16300 1.247479
16400 1.247669
16500 1.247950
16600 1.247794
16700 1.247689
16800 1.247689
16900 1.247587
17000 1.247673
17100 1.247669
17200 1.247565
17300 1.247496
17400 1.247696
17500 1.247706
17600 1.248021
17700 1.247905
17800 1.248083
17900 1.248140
18000 1.248096
18100 1.248124
18200 1.248235
18300 1.248182
18400 1.248019
18500 1.248099
18600 1.247845
18700 1.247731
18800 1.247653
18900 1.247648
19000 1.247598
19100 1.247530
19200 1.247616
19300 1.247684
19400 1.247923
19500 1.247627
19600 1.247578
19700 1.247360
19800 1.247054
19900 1.247375
20000 1.247307
20100 1.247553
20200 1.247410
20300 1.247349
20400 1.247546
20500 1.247411
20600 1.247320
20700 1.247211
20800 1.247290
20900 1.247173
21000 1.247424
21100 1.247074
21200 1.247087
21300 1.247304
21400 1.247100
21500 1.247057
21600 1.246922
21700 1.246828
21800 1.247035
21900 1.246784
22000 1.246976
22100 1.247049
22200 1.246928
22300 1.247032
22400 1.247176
22500 1.247094
22600 1.247159
22700 1.247232
22800 1.247113
22900 1.247162
23000 1.246878
23100 1.246887
23200 1.246893
23300 1.246989
23400 1.247184
23500 1.247168
23600 1.247091
23700 1.247144
23800 1.247523
23900 1.247533
24000 1.247571
24100 1.247455
24200 1.247133
24300 1.247322
24400 1.247169
24500 1.247075
24600 1.246814
24700 1.246823
24800 1.246801
24900 1.246731
25000 1.246642
25100 1.247076
25200 1.247060
25300 1.247148
25400 1.247373
25500 1.247446
25600 1.247418
25700 1.247420
25800 1.247531
25900 1.247719
26000 1.247720
26100 1.247922
26200 1.248098
26300 1.248145
26400 1.248213
26500 1.248353
26600 1.248535
26700 1.248627
26800 1.248822
26900 1.248948
27000 1.248806
27100 1.248570
27200 1.248392
27300 1.248272
27400 1.248285
27500 1.248675
27600 1.248688
27700 1.248944
27800 1.248923
27900 1.248979
28000 1.248916
28100 1.249010
28200 1.249085
28300 1.249247
28400 1.249109
28500 1.248991
28600 1.248928
28700 1.248872
28800 1.249031
28900 1.248982
29000 1.249122
29100 1.248978
29200 1.248989
29300 1.249127
29400 1.249131
29500 1.249198
29600 1.249097
29700 1.249155
29800 1.248987
29900 1.249090
30000 1.249154
30100 1.249374
30200 1.249641
30300 1.249603
30400 1.249544
30500 1.249498
30600 1.249354
30700 1.249268
30800 1.249179
30900 1.249163
31000 1.249245
31100 1.249049
31200 1.249119
31300 1.249063
31400 1.249091
31500 1.249087
31600 1.248918
31700 1.248747
31800 1.248791
31900 1.248606
32000 1.248614
32100 1.248645
32200 1.248533
32300 1.248644
32400 1.248736
32500 1.248623
32600 1.248566
32700 1.248650
32800 1.248534
32900 1.248486
33000 1.248530
33100 1.248629
33200 1.248680
33300 1.248691
33400 1.248665
33500 1.248817
33600 1.248889
33700 1.248829
33800 1.248666
33900 1.248760
34000 1.248724
34100 1.248825
34200 1.248946
34300 1.248805
34400 1.248671
34500 1.248587
34600 1.248595
34700 1.248434
34800 1.248472
34900 1.248405
35000 1.248454
35100 1.248607
35200 1.248593
35300 1.248719
35400 1.248655
35500 1.248688
35600 1.248780
35700 1.248756
35800 1.248833
35900 1.248866
36000 1.249048
